236,280,261,277,312,636,286,640,短线黑马T派神0007
353,277,382,280,363,429,335,425,啊阿埃挨哎
407,277,434,277,431,419,405,418,唉哀皑癌蔼
457,281,487,277,527,558,496,563,渤海投资研究所周延
549,277,559,277,568,346,557,347,the
11,10,22,10,20,57,10,56,of
47,10,55,10,51,62,44,61,and
80,10,94,11,90,49,77,47,to
763,11,777,11,776,27,763,26,in
763,51,794,50,795,67,763,69,for
765,91,782,92,779,114,763,112,is
763,136,783,136,783,154,763,154,on
763,175,796,175,796,191,763,191,that
765,212,788,213,785,239,763,237,by
763,264,792,261,794,276,764,280,this
763,307,802,302,805,319,765,325,with
10,469,29,468,50,698,30,700,爸白柏百摆佰败拜稗斑班
14,723,25,723,20,817,10,816,ient
10,840,17,840,21,885,13,886,it
681,775,688,775,693,808,685,809,be
825,392,834,392,826,450,818,449,are
632,10,643,10,639,109,629,108,your
665,10,678,10,684,67,670,68,all
706,10,716,10,716,88,706,88,have
71,116,117,120,115,138,70,133,new
195,521,209,521,205,615,192,614,home
