235,278,421,290,420,310,235,297,短线黑马T派神0007
235,336,281,333,284,364,237,368,the
235,390,272,390,271,420,235,419,of
235,443,555,443,555,464,235,464,新老划断启动之后上市公司股改
235,496,569,485,570,511,235,523,求的稀缺资源而与此同时继G锌业
235,545,261,545,262,561,235,562,and
235,586,265,585,267,617,236,619,to
10,10,29,10,31,50,11,51,啊阿
58,10,72,11,66,69,53,67,for
94,10,101,10,106,47,98,48,is
782,78,801,77,824,287,804,289,蔼矮艾碍爱隘鞍氨安俺
38,468,58,469,29,873,10,871,情,论坛)退出之后将随时结合重
682,776,714,780,711,798,680,793,this
629,11,663,12,662,28,629,26,with
629,54,660,50,663,67,631,72,inw
629,101,673,95,676,114,631,121,you
14,105,21,105,16,139,10,138,it
50,105,60,105,53,163,44,162,not
85,105,96,105,93,151,83,150,or
98,851,115,851,115,869,98,869,all
98,787,130,784,133,805,100,809,will
775,525,788,526,786,542,774,540,if
774,659,782,659,787,716,778,717,has
