269,277,292,279,258,600,236,597,短线黑马T派神0007
314,277,334,277,348,476,327,477,渤海投资研究所周延
370,277,385,277,385,373,370,373,the
406,278,427,277,434,337,412,339,of
457,279,478,277,518,598,496,601,新老划断启动之后上市公司股改
545,277,561,278,555,342,540,340,and
10,10,324,20,323,40,10,29,论坛)股改首日复牌填权暴涨之后
349,10,452,20,449,46,347,35,aprepared
475,10,489,10,489,26,475,26,in
764,11,821,16,819,34,763,28,that
763,58,785,56,788,81,765,84,by
764,107,802,108,800,130,763,128,this
763,154,796,152,798,167,764,170,with
763,193,820,193,820,211,763,211,ibooks
763,235,796,232,799,257,765,261,you
763,283,776,283,775,299,763,298,it
10,468,23,468,28,525,14,526,not
12,549,20,549,17,583,10,582,or
10,606,22,606,24,643,11,644,be
680,775,689,775,689,833,680,833,are
710,775,724,775,726,852,711,853,from
748,775,755,775,757,808,749,809,at
751,832,760,832,756,870,748,869,as
817,393,836,393,837,408,817,409,all
629,10,639,10,642,61,631,62,new
10,106,58,107,57,129,10,127,more
10,151,27,151,27,167,10,167,an
621,271,635,271,638,308,623,309,we
622,332,635,332,633,426,621,425,will
192,394,207,393,209,408,193,410,us
100,851,114,852,111,870,98,868,if
99,784,132,786,130,802,98,799,free
774,659,784,659,785,704,774,705,no
